[[0.8939868]] 1
[[0.03161851]] 2
[[0.01676088]] 3
[[6.23589e-05]] 4
[[0.04343459]] 5
[[0.06267785]] 6
[[0.06691112]] 7
[[0.07609753]] 8
[[0.13879527]] 9
[[0.05017924]] 10
[[0.21012625]] 11
[[0.52191406]] 12
[[0.52692074]] 13
[[0.9765806]] 14
[[0.9558386]] 15
[[0.94486725]] 16
[[0.9376803]] 17
[[0.15032552]] 18
[[0.9962728]] 19
[[0.04153247]] 20
[[0.82851446]] 21
[[0.99983716]] 22
[[0.9371269]] 23
[[0.10002615]] 24
[[0.8492739]] 25
[[0.00102103]] 26
[[0.90288424]] 27
[[0.82217413]] 28
[[0.07977941]] 29
[[0.524102]] 30
[[0.22269559]] 31
[[0.01769755]] 32
[[0.16706148]] 33
[[0.1052765]] 34
[[0.02951925]] 35
[[0.03508697]] 36
[[0.05155792]] 37
[[0.7140073]] 38
[[0.2643612]] 39
[[0.01345846]] 40
[[0.03922404]] 41
[[0.57813126]] 42
[[0.84824663]] 43
[[0.6075339]] 44
[[0.68603206]] 45
[[0.538866]] 46
[[0.03922404]] 47
[[0.2643612]] 48
[[0.71533394]] 49
[[0.02898161]] 50