precision:0.891891891892  recall:0.970588235294 F1:0.929577464789  tp:33  fp:4  tn:12  fn:1
[[0.7672571]] 1
[[0.9987256]] 2
[[1.]] 3
[[0.8887817]] 4
[[0.98283]] 5
[[0.99737763]] 6
[[0.99999213]] 7
[[0.9155204]] 8
[[0.9656273]] 9
[[0.04035874]] 10
[[0.9952206]] 11
[[0.08426876]] 12
[[0.30413234]] 13
[[0.28938365]] 14
[[0.9963021]] 15
[[0.84943575]] 16
[[0.9605168]] 17
[[0.99919003]] 18
[[0.30275056]] 19
[[0.99172443]] 20
[[0.9991047]] 21
[[0.98250604]] 22
[[0.99999595]] 23
[[0.9976363]] 24
[[0.9998456]] 25
[[0.9057812]] 26
[[0.999913]] 27
[[0.73223895]] 28
[[0.9999974]] 29
[[0.9991742]] 30
[[0.6790772]] 31
[[0.99922097]] 32
[[0.8005516]] 33
[[0.99958247]] 34
[[0.4022344]] 35
[[0.09222832]] 36
[[0.04839922]] 37
[[0.11504945]] 38
[[1.]] 39
[[1.]] 40
[[1.]] 41
[[1.]] 42
[[0.9610617]] 43
[[0.9887623]] 44
[[0.9755667]] 45
[[0.00728082]] 46
[[0.4766715]] 47
[[0.9336215]] 48
[[0.3733739]] 49
[[0.00606518]] 50
