[[0.17717025]] 1
[[0.16599642]] 2
[[0.6963094]] 3
[[0.00202343]] 4
[[0.02559747]] 5
[[0.01624887]] 6
[[0.9032096]] 7
[[1.]] 8
[[0.2036279]] 9
[[0.00662165]] 10
[[0.00073347]] 11
[[1.]] 12
[[0.94419163]] 13
[[0.999826]] 14
[[0.04254345]] 15
[[0.52839124]] 16
[[0.64524263]] 17
[[0.00545728]] 18
[[0.02344243]] 19
[[0.0485042]] 20
[[0.23424807]] 21
[[0.0398143]] 22
[[0.9689709]] 23
[[0.00154578]] 24
[[0.0443231]] 25
[[2.7084201e-05]] 26
[[0.00641477]] 27
[[3.9545823e-05]] 28
[[0.81579614]] 29
[[0.2894222]] 30
[[0.9247854]] 31
[[0.9905377]] 32
[[0.06990134]] 33
[[1.0738329e-06]] 34
[[0.5455023]] 35
[[1.]] 36
[[1.]] 37
[[1.]] 38
[[1.]] 39
[[1.]] 40
[[1.]] 41
[[1.]] 42
[[1.]] 43
[[1.]] 44
[[0.994545]] 45
[[1.]] 46
[[0.67910963]] 47
[[9.7489974e-05]] 48
[[1.]] 49
[[2.2050622e-06]] 50
